
5838029
4046913
4370342
6603265
3230554
4454108
7241530
7030387
4467663
2097959
8113165
4103334
7691784
1768906
2545665
162316
4743979
7722421
1850804
407081
7340181
7580478
3452067
906723
2612037
2517653
634941
7849575
695723
3186730
2027262
4608282
2188871
8032745
595529
7705107
5644247
1968908
8783606
2635038
8402876
1410565
8744592
1868728
1851143
1125016
2546077
4559326
995055
3704027
163715
949077
2493327
3532098
4552087
3556873
8246973
7543699
8088372
1151351
567952
1850119
1327811
6604217
